10 15 
10 15 
10 15 
10 15 
10 15 
10 100 200 300 400 500 600 700 800 900
10 100 200 300 400 500 600 700 800 900
10 100 200 300 400 500 600 700 800 900
10 100 200 300 400 500 600 700 800 900
10 100 200 300 400 500 600 700 800 900
10 100 200 300 400 500 600 700 800 900
10 100 200 300 400 500 600 700 800 900
10 100 200 300 400 500 600 700 800 900
10 100 200 300 400 500 600 700 800 900
10 100 200 300 400 500 600 700 800 900
布依客栈 凤凰寨 禾丰乡政府 花茗樘 南江大峡谷 世外水乡酒店 水调歌头酒店 相会吧 游客服务中心 玉水金盆景点 
布依客栈 凤凰寨 禾丰乡政府 花茗樘 南江大峡谷 世外水乡酒店 水调歌头酒店 相会吧 游客服务中心 玉水金盆景点
布依客栈 凤凰寨 禾丰乡政府 花茗樘 南江大峡谷 世外水乡酒店 水调歌头酒店 相会吧 游客服务中心 玉水金盆景点
布依客栈 凤凰寨 禾丰乡政府 花茗樘 南江大峡谷 世外水乡酒店 水调歌头酒店 相会吧 游客服务中心 玉水金盆景点
布依客栈 凤凰寨 禾丰乡政府 花茗樘 南江大峡谷 世外水乡酒店 水调歌头酒店 相会吧 游客服务中心 玉水金盆景点
0 1 1
1 2 2
2 3 3
3 4 4
4 5 5
5 6 6 
6 7 7
7 8 8
8 9 9
9 0 10
1 3 1
3 5 1
5 8 1
7 9 1
0 7 1
0 1 1
1 2 2
2 3 3
3 4 4
4 5 5
5 6 6 
6 7 7
7 8 8
8 9 9
9 0 10
1 3 1
3 5 1
5 8 1
7 9 1
0 7 1
0 1 1
1 2 2
2 3 3
3 4 4
4 5 5
5 6 6 
6 7 7
7 8 8
8 9 9
9 0 10
1 3 1
3 5 1
5 8 1
7 9 1
0 7 1
0 1 1
1 2 2
2 3 3
3 4 4
4 5 5
5 6 6 
6 7 7
7 8 8
8 9 9
9 0 10
1 3 1
3 5 1
5 8 1
7 9 1
0 7 1
0 1 1
1 2 2
2 3 3
3 4 4
4 5 5
5 6 6 
6 7 7
7 8 8
8 9 9
9 0 10
1 3 1
3 5 1
5 8 1
7 9 1
0 7 1